1 4 3 1 0.1
1 4 3 1 0.2
1 4 3 1 0.4
1 4 3 1 0.8
1 4 3 1 1
1 4 3 1 2
1 4 3 1 4
1 4 3 1 8
1 4 3 1 16
1 4 3 1 32
1 4 3 1 100
1 4 3 1 500
1 4 3 1 1000
0 1 3 1 0.1
0 1 3 1 0.2
0 1 3 1 0.4
0 1 3 1 0.8
0 1 3 1 1
0 1 3 1 2
0 1 3 1 4
0 1 3 1 8
0 1 3 1 16
0 1 3 1 32
0 1 3 1 100
0 1 3 1 500
0 1 3 1 1000
0 1 4 1 0.1
0 1 4 1 0.2
0 1 4 1 0.4
0 1 4 1 0.8
0 1 4 1 1
0 1 4 1 2
0 1 4 1 4
0 1 4 1 8
0 1 4 1 16
0 1 4 1 32
0 1 4 1 100
0 1 4 1 500
0 1 4 1 1000
1 4 4 1 0.1
1 4 4 1 0.2
1 4 4 1 0.4
1 4 4 1 0.8
1 4 4 1 1
1 4 4 1 2
1 4 4 1 4
1 4 4 1 8
1 4 4 1 16
1 4 4 1 32
1 4 4 1 100
1 4 4 1 500
1 4 4 1 1000
