1 2 1 0.05
1 2 3 0.05
1 2 4 0.05
1 2 1 0.1
1 2 3 0.1
1 2 4 0.1
1 2 1 0.2
1 2 3 0.2
1 2 4 0.2
1 2 1 0.4
1 2 3 0.4
1 2 4 0.4
1 2 1 0.8
1 2 3 0.8
1 2 4 0.8
1 2 1 1
1 2 3 1
1 2 4 1
1 2 1 2
1 2 3 2
1 2 4 2
1 2 1 4
1 2 3 4
1 2 4 4
1 2 1 16
1 2 3 16
1 2 4 16
1 2 1 16
1 2 3 16
1 2 4 16
0 9 1 0.05
0 9 3 0.05
0 9 4 0.05
0 9 1 0.1
0 9 3 0.1
0 9 4 0.1
0 9 1 0.2
0 9 3 0.2
0 9 4 0.2
0 9 1 0.4
0 9 3 0.4
0 9 4 0.4
0 9 1 0.8
0 9 3 0.8
0 9 4 0.8
0 9 1 1
0 9 3 1
0 9 4 1
0 9 1 2
0 9 3 2
0 9 4 2
0 9 1 4
0 9 3 4
0 9 4 4
0 9 1 16
0 9 3 16
0 9 4 16
0 9 1 16
0 9 3 16
0 9 4 16
