12310886	-100
5144	1
5994	2
7461	2
10453	-3
11230	2
26049	2
97142	-3
114840	4
122784	-3
161496	-3
181271	0
237891	0
443023	-1
3083857	2
5280335	-3
5281304	0
5281520	2
5281691	-1
5320954	-3
5372945	-3
5471851	0
5471852	0
6426872	4
6712587	0
11892267	2
15953793	-3
21599928	1
46882628	0
46882675	0
46882879	-2
370	-5
12456	-3
72303	2
73057	2
151529	2
158103	2
363209	-3
441893	-2
442813	1
444539	-2
736186	-2
736681	2
3001686	2
5281542	-2
5281605	-3
5468522	2
6438572	2
44191234	-3
135	-3
6303	0
10063	2
64982	-100
65238	-2
68077	-1
73111	-3
73193	-1
73659	1
513197	-3
5280704	-3
5281600	-3
5281647	-3
5281654	1
5281697	-3
5316860	0.5
12302120	-1
20055838	4
71306915	1.5
204	0
932	-100
1110	0
1183	-100
2758	2
3220	-100
6199	1
8468	2
9064	-100
10168	-100
10207	-3
10235	-3
10494	-4
10658	2
11092	-2
36314	-200
64945	-100
64971	-2
65366	-200
72300	2
93004	3
114829	-1
119245	0
119307	1
165549	-3
234566	-3
439533	-1
440735	-1
445354	1
445858	-100
637542	1
639665	-3
3084460	-3
5280343	-100
5280378	-100
5280445	-4
5280536	2
5280637	-3
5280863	1
5281666	1
5281708	-100
5281855	1
5317238	-3
5321018	2
6426870	4
9918693	1
11228693	1
46887680	1
73432	-3
74112	0
5280435	2
6918774	-1
46228750	-3
996	2
5053	-3
7439	-3
167607	2
259991	-1
416228	4
1549095	-1
5280448	-100
5317598	-3
6439048	1
9547215	-1
11969542	-1
46882880	-2
31253	2
5202	2
5944	3
23337	4
31404	1
154272	-200
161036	1
245005	4
638278	-1
969516	-3
5281703	-3
6990	-2
72936	-3
5318169	-200
5468749	-3
6475119	-1
11213350	1
44593449	-3
5319022	2
6918391	-100
441922	1
5321775	2
107971	2
122690	1
5281800	-100
5281771	-100
93045	-2
72301	2
160771	2
115269	-3
443354	-3
19009	-3
114850	-3
441921	1
637511	-200
6436348	-100
5280443	-3
1794427	-3
185617	-3
441923	1
442423	-100
49868330	4
3047329	4
24832659	4
6369123	0
91458	-3
71571502	1
119444	0
5284421	0.5
6440999	-1
5281806	-100
6441391	-100
72322	-3
10212	2
689043	-2
91520	-100
442534	-2
87691	1
15558620	-3
5484385	0
91466	-3
2353	-3
323	-100
24868421	-2
9932254	-1
247	1
92095	-3
328778	1
222284	-100
259846	-1
5280794	-100
73145	-4
10208	-100
161544	-3
160876	-3
72276	-1
5497163	-1
60961	-100
9898279	1
174003	2
338	2
68081	2
10417462	-1
6037	1
72326	-1
92097	0