1 4 1 0.05
1 4 3 0.05
1 4 4 0.05
1 4 1 0.1
1 4 3 0.1
1 4 4 0.1
1 4 1 0.2
1 4 3 0.2
1 4 4 0.2
1 4 1 0.4
1 4 3 0.4
1 4 4 0.4
1 4 1 0.8
1 4 3 0.8
1 4 4 0.8
1 4 1 1
1 4 3 1
1 4 4 1
1 4 1 2
1 4 3 2
1 4 4 2
1 4 1 4
1 4 3 4
1 4 4 4
1 4 1 16
1 4 3 16
1 4 4 16
1 4 1 16
1 4 3 16
1 4 4 16
0 1 1 0.05
0 1 3 0.05
0 1 4 0.05
0 1 1 0.1
0 1 3 0.1
0 1 4 0.1
0 1 1 0.2
0 1 3 0.2
0 1 4 0.2
0 1 1 0.4
0 1 3 0.4
0 1 4 0.4
0 1 1 0.8
0 1 3 0.8
0 1 4 0.8
0 1 1 1
0 1 3 1
0 1 4 1
0 1 1 2
0 1 3 2
0 1 4 2
0 1 1 4
0 1 3 4
0 1 4 4
0 1 1 16
0 1 3 16
0 1 4 16
0 1 1 16
0 1 3 16
0 1 4 16
