1 2 1 0.1
1 2 3 0.1
1 2 4 0.1
1 2 1 0.5
1 2 3 0.5
1 2 4 0.5
1 2 1 1
1 2 3 1
1 2 4 1
1 2 1 2
1 2 3 2
1 2 4 2
1 2 1 4
1 2 3 4
1 2 4 4
1 2 1 8
1 2 3 8
1 4 4 8
1 4 1 0.1
1 4 3 0.1
1 4 4 0.1
1 4 1 0.5
1 4 3 0.5
1 4 4 0.5
1 4 1 1
1 4 3 1
1 4 4 1
1 4 1 2
1 4 3 2
1 4 4 2
1 4 1 4
1 4 3 4
1 4 4 4
1 4 1 8
1 4 3 8
1 4 4 8
0 1 1 0.1
0 1 3 0.1
0 1 4 0.1
0 1 1 0.5
0 1 3 0.5
0 1 4 0.5
0 1 1 1
0 1 3 1
0 1 4 1
0 1 1 2
0 1 3 2
0 1 4 2
0 1 1 4
0 1 3 4
0 1 4 4
0 1 1 8
0 1 3 8
0 1 4 8
0 9 1 0.1
0 9 3 0.1
0 9 4 0.1
0 9 1 0.5
0 9 3 0.5
0 9 4 0.5
0 9 1 1
0 9 3 1
0 9 4 1
0 9 1 2
0 9 3 2
0 9 4 2
0 9 1 4
0 9 3 4
0 9 4 4
0 9 1 8
0 9 3 8
0 9 4 8
